Wuhan 3
Shenzhen 3
Xianggang 3
Zhengzhou 3
Hangzhou 3
Chengdu 2
Chongqing 2
Xian 2
Fuzhou 2
Shijiazhuang 2
Wulumuqi 1
Yinchuan 1
Aomen 1
Xining 1
Lasa 1
0 17 30 32 50 45 36 13 45 4 20 8 46 16 39
12 0 52 16 55 28 7 48 10 20 27 38 45 58 25
6 60 0 39 14 33 42 59 22 47 51 34 56 18 48
57 30 23 0 2 26 6 42 7 42 43 10 50 54 34
23 60 10 23 0 40 24 48 13 50 30 60 16 25 24
12 39 8 25 3 0 20 26 32 59 42 47 59 8 23
29 35 29 33 39 14 0 36 37 21 10 1 30 44 41
37 52 38 34 25 38 4 0 8 41 51 11 11 35 13
30 56 8 32 39 57 37 23 0 39 27 60 38 52 20
23 57 14 41 51 50 41 19 34 0 12 25 28 33 11
34 42 27 31 55 48 2 47 57 8 0 34 28 13 40
44 42 20 9 9 1 5 42 15 38 56 0 40 16 34
57 36 36 6 32 44 39 33 2 23 53 57 0 7 19
20 29 48 55 24 60 1 25 6 42 35 14 36 0 34
33 7 48 49 22 37 20 25 58 13 2 57 14 36 0